@MapData  1, 1, 12672, 1680, ../Image/Map1.png
@Back
0, 
@Fore
-1, 
@MapLine  88
   14, 1056,      364, 1060,    0.01143,-0.99993
  672, 1056,     1728, 1056,    0.00000,-1.00000
 1728, 1056,     1872,  912,    -0.70711,-0.70711
 1872,  912,     2208,  912,    0.00000,-1.00000
 2208,  912,     2492,  816,    -0.32023,-0.94734
 2492,  816,     2784,  816,    0.00000,-1.00000
 2784,  816,     2784,  960,    1.00000,-0.00000
 2784,  960,     3168,  960,    0.00000,-1.00000
 3168,  960,     3216,  864,    -0.89443,-0.44721
 3216,  864,     3408,  672,    -0.70711,-0.70711
 3408,  672,     3504,  624,    -0.44721,-0.89443
 3504,  624,     3600,  624,    0.00000,-1.00000
 3600,  624,     3600,  816,    1.00000,-0.00000
 3600,  816,     3888,  816,    0.00000,-1.00000
 3888,  816,     3888,  960,    1.00000,-0.00000
 3888,  960,     4512,  960,    0.00000,-1.00000
 4512,  960,     4608, 1056,    0.70711,-0.70711
 4608, 1056,     4704, 1056,    0.00000,-1.00000
 4704, 1056,     4800,  960,    -0.70711,-0.70711
 4800,  960,     4992,  960,    0.00000,-1.00000
 4992,  960,     5088, 1056,    0.70711,-0.70711
 5088, 1056,     5232, 1056,    0.00000,-1.00000
 5232, 1056,     5328,  960,    -0.70711,-0.70711
 5328,  960,     5472,  960,    0.00000,-1.00000
 5472,  960,     5520,  864,    -0.89443,-0.44721
 5520,  864,     5760,  864,    0.00000,-1.00000
 5760,  864,     5856,  816,    -0.44721,-0.89443
 5856,  816,     6096,  576,    -0.70711,-0.70711
 6096,  576,     6240,  528,    -0.31623,-0.94868
 6240,  528,     6624,  528,    0.00000,-1.00000
 6624,  528,     6816,  720,    0.70711,-0.70711
 6816,  720,     8640,  720,    0.00000,-1.00000
 8640,  720,     8736,  816,    0.70711,-0.70711
 8736,  816,     8976,  816,    0.00000,-1.00000
 8976,  816,     9168, 1008,    0.70711,-0.70711
 9168, 1008,     9408, 1008,    0.00000,-1.00000
 9408, 1008,     9888, 1488,    0.70711,-0.70711
 9888, 1488,    10464, 1488,    0.00000,-1.00000
10464, 1488,    10464, 1344,    -1.00000,-0.00000
10464, 1344,    10608, 1344,    0.00000,-1.00000
10608, 1344,    10608, 1200,    -1.00000,-0.00000
10608, 1200,    10752, 1200,    0.00000,-1.00000
10752, 1200,    10752, 1056,    -1.00000,-0.00000
10752, 1056,    10896, 1056,    0.00000,-1.00000
10896, 1056,    10896,  816,    -1.00000,-0.00000
10896,  816,    11040,  672,    -0.70711,-0.70711
11040,  672,    11280,  672,    0.00000,-1.00000
11280,  672,    11424, 1104,    0.94868,-0.31623
11424, 1104,    11804, 1296,    0.45097,-0.89254
11804, 1296,    12292, 1296,    0.00000,-1.00000
12292, 1296,    12576, 1152,    -0.45223,-0.89190
12576, 1152,    12576,  480,    -1.00000,-0.00000
12576,  480,    12192,   96,    -0.70711,0.70711
12192,   96,    11568,   96,    0.00000,1.00000
11568,   96,    11568,  576,    1.00000,-0.00000
11568,  576,    12192,  576,    0.00000,-1.00000
12192,  576,    12240,  624,    0.70711,-0.70711
12240,  624,    12240,  672,    1.00000,-0.00000
12240,  672,    11520,  672,    0.00000,1.00000
11520,  672,    11472,  624,    -0.70711,0.70711
11472,  624,    11472,    0,    -1.00000,-0.00000
11472,    0,    10684,    0,    0.00000,1.00000
10684,    0,     9696,    0,    0.00000,1.00000
 9696,    0,     8632,    0,    0.00000,1.00000
 8632,    0,     7532,    0,    0.00000,1.00000
 7532,    0,     6452,    0,    0.00000,1.00000
 6452,    0,     5356,    0,    0.00000,1.00000
 5356,    0,     4268,    0,    0.00000,1.00000
 4268,    0,     3180,    0,    0.00000,1.00000
 3180,    0,     2168,    0,    0.00000,1.00000
 2168,    0,     1100,    0,    0.00000,1.00000
 1100,    0,        8,    0,    0.00000,1.00000
    8,    0,        8, 1056,    1.00000,-0.00000
 6768,  192,     7248,  192,    0.00000,-1.00000
 7248,  192,     7248,  480,    1.00000,-0.00000
 7248,  480,     6960,  480,    0.00000,1.00000
 6960,  480,     6768,  288,    -0.70711,0.70711
 6768,  288,     6768,  192,    -1.00000,-0.00000
 7584,  192,     7872,  192,    0.00000,-1.00000
 7872,  192,     7968,  288,    0.70711,-0.70711
 7968,  288,     7968,  480,    1.00000,-0.00000
 7968,  480,     7584,  480,    0.00000,1.00000
 7584,  480,     7584,  192,    -1.00000,-0.00000
 1180,  132,     1820,  132,    0.00000,-1.00000
 4312,  372,     5256,  372,    0.00000,-1.00000
 9624,  444,    10605,  444,    0.00000,-1.00000
  364, 1060,      668,  752,    -0.71171,-0.70247
  668,  752,      672, 1056,    0.99991,-0.01316
@EvtMap  57
  366, 1009,     2, 200, 0
   24, 1012,     1, 0, 0
11654,  486,     2, 40, 0
 1969,  634,     3, 2, 0
 3448,  374,     3, 2, 0
 4419,  672,     3, 2, 0
 5139,  818,     3, 4, 0
 5632,  475,     3, 4, 0
 8326,  374,     3, 2, 0
10414, 1392,     3, 8, 3
10703, 1107,     3, 8, 3
11675,  871,     3, 4, 0
12267,  871,     3, 2, 0
 1652,  778,     2, 10, 0
 1727,  716,     2, 10, 0
 1819,  675,     2, 10, 0
 3129,  623,     2, 10, 0
 3227,  515,     2, 10, 0
 2499,  752,     2, 10, 0
 2578,  752,     2, 10, 0
 2660,  751,     2, 10, 0
 2740,  750,     2, 10, 0
 3651,  754,     2, 10, 0
 3744,  753,     2, 10, 0
 3834,  752,     2, 10, 0
 4822,  896,     2, 10, 0
 4919,  897,     2, 10, 0
 5759,  583,     2, 10, 0
 5841,  510,     2, 10, 0
 5932,  452,     2, 10, 0
 6821,  133,     2, 10, 0
 6931,  132,     2, 10, 0
 7042,  133,     2, 10, 0
 7143,  132,     2, 10, 0
 7605,  133,     2, 10, 0
 7699,  132,     2, 10, 0
 7795,  133,     2, 10, 0
 8756,  753,     2, 10, 0
 8875,  752,     2, 10, 0
 9203,  947,     2, 10, 0
 9302,  947,     2, 10, 0
11004,  515,     2, 10, 0
11131,  467,     2, 10, 0
11247,  516,     2, 10, 0
11887, 1211,     2, 10, 0
12016, 1213,     2, 10, 0
12149, 1211,     2, 10, 0
   24, 1013,     2, 20, 0
 1303,   69,     2, 10, 0
 1444,   66,     2, 10, 0
 1587,   64,     2, 10, 0
 4402,  268,     2, 10, 0
 4538,  265,     2, 10, 0
 4968,  266,     2, 10, 0
 5099,  284,     2, 10, 0
 9707,  333,     2, 10, 0
10448,  305,     2, 10, 0
